Gradients at Epoch : 1 are
Layer: pos_embedding, Gradient: tensor([[[-2.3520e-05,  2.3380e-03, -2.8244e-03,  5.0984e-04],
         [ 0.0000e+00,  0.0000e+00,  0.0000e+00,  0.0000e+00],
         [ 0.0000e+00,  0.0000e+00,  0.0000e+00,  0.0000e+00],
         ...,
         [ 0.0000e+00,  0.0000e+00,  0.0000e+00,  0.0000e+00],
         [ 0.0000e+00,  0.0000e+00,  0.0000e+00,  0.0000e+00],
         [ 0.0000e+00,  0.0000e+00,  0.0000e+00,  0.0000e+00]]])
Layer: cls_token, Gradient: tensor([[[-2.3520e-05,  2.3380e-03, -2.8244e-03,  5.0984e-04]]])
Layer: patch_embedding.projection.1.weight, Gradient: tensor([[0., 0., 0., 0., 0., 0., 0., 0., 0., 0., 0., 0., 0., 0., 0., 0., 0., 0., 0., 0., 0., 0., 0., 0.,
         0., 0., 0., 0., 0., 0., 0., 0., 0., 0., 0., 0., 0., 0., 0., 0., 0., 0., 0., 0., 0., 0., 0., 0.,
         0., 0., 0., 0., 0., 0., 0., 0., 0., 0., 0., 0., 0., 0., 0., 0.],
        [0., 0., 0., 0., 0., 0., 0., 0., 0., 0., 0., 0., 0., 0., 0., 0., 0., 0., 0., 0., 0., 0., 0., 0.,
         0., 0., 0., 0., 0., 0., 0., 0., 0., 0., 0., 0., 0., 0., 0., 0., 0., 0., 0., 0., 0., 0., 0., 0.,
         0., 0., 0., 0., 0., 0., 0., 0., 0., 0., 0., 0., 0., 0., 0., 0.],
        [0., 0., 0., 0., 0., 0., 0., 0., 0., 0., 0., 0., 0., 0., 0., 0., 0., 0., 0., 0., 0., 0., 0., 0.,
         0., 0., 0., 0., 0., 0., 0., 0., 0., 0., 0., 0., 0., 0., 0., 0., 0., 0., 0., 0., 0., 0., 0., 0.,
         0., 0., 0., 0., 0., 0., 0., 0., 0., 0., 0., 0., 0., 0., 0., 0.],
        [0., 0., 0., 0., 0., 0., 0., 0., 0., 0., 0., 0., 0., 0., 0., 0., 0., 0., 0., 0., 0., 0., 0., 0.,
         0., 0., 0., 0., 0., 0., 0., 0., 0., 0., 0., 0., 0., 0., 0., 0., 0., 0., 0., 0., 0., 0., 0., 0.,
         0., 0., 0., 0., 0., 0., 0., 0., 0., 0., 0., 0., 0., 0., 0., 0.]])
Layer: patch_embedding.projection.1.bias, Gradient: tensor([0., 0., 0., 0.])
Layer: layers.0.0.fn.norm.weight, Gradient: tensor([-0.0005, -0.0021, -0.0016,  0.0001])
Layer: layers.0.0.fn.norm.bias, Gradient: tensor([ 0.0013, -0.0019,  0.0011,  0.0002])
Layer: layers.0.0.fn.fn.att.in_proj_weight, Gradient: tensor([[ 3.2279e-12, -8.6737e-12,  1.1179e-11, -5.3797e-12],
        [-5.8956e-11,  1.5842e-10, -2.0417e-10,  9.8256e-11],
        [ 1.4224e-13, -3.8221e-13,  4.9260e-13, -2.3706e-13],
        [ 1.3736e-12, -3.6909e-12,  4.7568e-12, -2.2892e-12],
        [ 2.8194e-11, -7.0031e-11,  8.7311e-11, -4.4565e-11],
        [ 1.6826e-11, -4.7294e-11,  4.0018e-11, -2.8194e-11],
        [-3.1974e-13,  9.6634e-13, -9.6634e-13,  2.7001e-13],
        [ 4.2064e-12, -1.3415e-11,  1.2051e-11, -9.4929e-12],
        [-6.5326e-04,  1.7554e-03, -2.2623e-03,  1.0887e-03],
        [ 1.0287e-03, -2.7641e-03,  3.5624e-03, -1.7144e-03],
        [-4.8869e-04,  1.3132e-03, -1.6924e-03,  8.1446e-04],
        [ 4.6019e-04, -1.2366e-03,  1.5937e-03, -7.6697e-04]])
Layer: layers.0.0.fn.fn.att.in_proj_bias, Gradient: tensor([-7.4756e-12,  1.3654e-10, -3.2942e-13, -3.1810e-12, -5.8208e-11,
        -2.9104e-11,  5.6843e-13, -4.7748e-12,  1.5129e-03, -2.3823e-03,
         1.1318e-03, -1.0658e-03])
Layer: layers.0.0.fn.fn.att.out_proj.weight, Gradient: tensor([[ 0.0005, -0.0015,  0.0011,  0.0008],
        [-0.0017,  0.0054, -0.0031, -0.0022],
        [ 0.0010, -0.0033,  0.0015,  0.0010],
        [ 0.0002, -0.0007,  0.0005,  0.0004]])
Layer: layers.0.0.fn.fn.att.out_proj.bias, Gradient: tensor([-0.0011,  0.0038, -0.0021, -0.0006])
Layer: layers.0.1.fn.norm.weight, Gradient: tensor([-2.6609e-04,  2.8548e-04,  5.3507e-05, -1.0672e-04])
Layer: layers.0.1.fn.norm.bias, Gradient: tensor([ 3.5921e-04, -3.9319e-04, -1.7083e-04, -5.7543e-05])
Layer: layers.0.1.fn.fn.0.weight, Gradient: tensor([[-3.4855e-06,  8.5760e-06, -1.3416e-05,  8.2947e-06],
        [-2.4734e-04, -1.4693e-04, -9.2923e-05,  4.7519e-04],
        [ 5.3252e-04,  5.6088e-04,  2.3150e-04, -1.2925e-03],
        [-2.9878e-05, -1.3495e-05, -2.0921e-05,  6.2848e-05]])
Layer: layers.0.1.fn.fn.0.bias, Gradient: tensor([ 6.4632e-06,  2.8064e-04, -7.3595e-04,  3.7660e-05])
Layer: layers.0.1.fn.fn.3.weight, Gradient: tensor([[ 5.5877e-04, -1.0310e-03, -1.2436e-03,  5.2651e-04],
        [-6.1735e-04,  1.2674e-03, -6.3225e-04,  1.1731e-05],
        [ 1.9283e-04, -9.3608e-04, -8.0287e-04, -2.9025e-04],
        [ 2.5165e-04, -6.3848e-04,  6.4328e-04, -1.9990e-04]])
Layer: layers.0.1.fn.fn.3.bias, Gradient: tensor([-0.0032,  0.0036, -0.0023, -0.0006])
Layer: layers.1.0.fn.norm.weight, Gradient: tensor([ 8.7810e-04, -2.1836e-04,  6.6409e-05, -3.0494e-04])
Layer: layers.1.0.fn.norm.bias, Gradient: tensor([-0.0012,  0.0003, -0.0001, -0.0003])
Layer: layers.1.0.fn.fn.att.in_proj_weight, Gradient: tensor([[-1.7194e-04,  4.5840e-05, -1.7591e-04,  3.5162e-04],
        [-6.9512e-05,  1.9436e-05, -9.6398e-05,  1.6991e-04],
        [-4.3917e-05,  4.2473e-05, -1.5978e-05,  2.4868e-05],
        [ 6.3650e-05, -4.9717e-05, -4.3947e-05,  2.7485e-05],
        [ 2.9650e-05, -1.3391e-04,  4.1955e-05,  5.9022e-05],
        [ 3.7741e-05, -1.3996e-04,  3.8410e-05,  5.9968e-05],
        [ 2.7103e-05, -4.8728e-05, -2.0321e-06,  2.1622e-05],
        [-2.5836e-05,  6.0983e-06,  1.9919e-05,  1.3720e-06],
        [ 8.4890e-04, -2.9567e-04,  1.1530e-03, -1.9893e-03],
        [ 3.2105e-04, -1.1564e-04,  4.3794e-04, -7.5039e-04],
        [ 4.5496e-05, -4.0635e-05,  1.3797e-04, -1.6615e-04],
        [-1.2298e-03,  9.0614e-04, -2.0159e-03,  2.7720e-03]])
Layer: layers.1.0.fn.fn.att.in_proj_bias, Gradient: tensor([ 2.1605e-04,  1.0628e-04,  2.4667e-05,  9.6021e-06, -1.6371e-11,
         7.2760e-12, -4.0018e-11,  1.8190e-12, -1.2836e-03, -4.8487e-04,
        -1.1144e-04,  1.9586e-03])
Layer: layers.1.0.fn.fn.att.out_proj.weight, Gradient: tensor([[ 5.3277e-04, -1.1093e-04, -3.2564e-04,  5.6781e-04],
        [-4.2125e-03,  8.8473e-04,  9.4493e-04, -1.8980e-03],
        [ 2.6588e-03, -4.9977e-04, -5.5141e-04,  1.1816e-03],
        [ 1.0209e-03, -2.7404e-04, -6.7885e-05,  1.4856e-04]])
Layer: layers.1.0.fn.fn.att.out_proj.bias, Gradient: tensor([-0.0006,  0.0035, -0.0023, -0.0006])
Layer: layers.1.1.fn.norm.weight, Gradient: tensor([-4.7575e-05,  3.3842e-05, -5.8259e-05, -5.6056e-04])
Layer: layers.1.1.fn.norm.bias, Gradient: tensor([ 5.4927e-05,  4.8788e-04,  6.4644e-05, -3.7961e-04])
Layer: layers.1.1.fn.fn.0.weight, Gradient: tensor([[ 5.2151e-04,  1.1887e-04,  3.8225e-04, -1.0364e-03],
        [ 3.1743e-04, -1.2641e-04,  6.7663e-04, -8.8983e-04],
        [-4.6424e-05,  1.0022e-04, -8.4328e-05,  3.2438e-05],
        [-9.6210e-05,  1.4773e-04, -2.8173e-04,  2.3882e-04]])
Layer: layers.1.1.fn.fn.0.bias, Gradient: tensor([-6.3832e-04, -5.6460e-04,  4.3568e-05,  2.0744e-04])
Layer: layers.1.1.fn.fn.3.weight, Gradient: tensor([[-5.8395e-04, -3.9931e-04,  3.1209e-04,  6.2229e-04],
        [ 1.8297e-03,  1.4210e-06, -2.3227e-04, -2.7506e-04],
        [ 9.8873e-06,  9.2998e-05,  1.3272e-05, -1.4182e-04],
        [ 2.2865e-05,  5.5164e-05,  1.1533e-04, -9.3166e-05]])
Layer: layers.1.1.fn.fn.3.bias, Gradient: tensor([-0.0015,  0.0010, -0.0030, -0.0008])
Layer: head.0.weight, Gradient: tensor([ 0.0041, -0.0241,  0.0149,  0.0066])
Layer: head.0.bias, Gradient: tensor([0.0004, 0.0004, 0.0004, 0.0005])
Layer: head.1.weight, Gradient: tensor([[-0.0148,  0.0926, -0.0543, -0.0200]])
Layer: head.1.bias, Gradient: tensor([-0.0014])
-------------------------------------------------------------------------------------


